,COUNTY,VAP,NAME,WVAP,PRES12D,PRES12R,OVAP,TOT_VOTES,factor,WVAP_pct,OVAP_pct,PRES12None,PRES12D_pct,PRES12R_pct,PRES12None_pct
556,Baltimore City,1090,Baltimore City Precinct 26-028,142,385,15,948,1090,1,0.13027522935779817,0.8697247706422019,690,0.3532110091743119,0.013761467889908258,0.6330275229357798
557,Baltimore City,1429,Baltimore City Precinct 26-027,322,490,59,1107,1429,1,0.22533240027991602,0.7746675997200839,880,0.34289713086074175,0.041287613715885234,0.615815255423373
558,Baltimore City,1467,Baltimore City Precinct 27-007,472,519,76,995,1467,1,0.321745057941377,0.678254942058623,872,0.3537832310838446,0.051806407634628494,0.5944103612815269
559,Baltimore City,985,Baltimore City Precinct 26-030,419,334,83,566,985,1,0.42538071065989846,0.5746192893401015,568,0.33908629441624366,0.08426395939086294,0.5766497461928934
574,Baltimore City,502,Baltimore City Precinct 26-001,417,78,58,85,502,1,0.8306772908366534,0.1693227091633466,366,0.1553784860557769,0.11553784860557768,0.7290836653386454
575,Baltimore City,2426,Baltimore City Precinct 26-002,1008,544,117,1418,2426,1,0.4154987633965375,0.5845012366034625,1765,0.22423742786479803,0.048227535037098104,0.7275350370981039
576,Baltimore City,2095,Baltimore City Precinct 26-003,1404,291,212,691,2095,1,0.6701670644391408,0.3298329355608592,1592,0.13890214797136038,0.10119331742243437,0.7599045346062052
581,Baltimore City,782,Baltimore City Precinct 26-005,514,132,87,268,782,1,0.6572890025575447,0.34271099744245526,563,0.16879795396419436,0.11125319693094629,0.7199488491048593
582,Baltimore City,1623,Baltimore City Precinct 26-004,1098,258,161,525,1623,1,0.6765249537892791,0.3234750462107209,1204,0.1589648798521257,0.09919901417128774,0.7418361059765866
583,Baltimore City,1434,Baltimore City Precinct 26-007,799,215,91,635,1434,1,0.5571827057182706,0.44281729428172945,1128,0.1499302649930265,0.06345885634588563,0.7866108786610879
584,Baltimore City,1562,Baltimore City Precinct 26-014,1050,178,108,512,1562,1,0.6722151088348272,0.32778489116517284,1276,0.11395646606914213,0.06914212548015365,0.8169014084507042
585,Baltimore City,1463,Baltimore City Precinct 26-015,116,614,17,1347,1463,1,0.07928913192071087,0.9207108680792891,832,0.41968557758031444,0.01161995898838004,0.5686944634313056
586,Baltimore City,4697,Baltimore City Precinct 26-029,597,1425,63,4100,4697,1,0.12710240579093038,0.8728975942090696,3209,0.3033851394507132,0.013412816691505217,0.6832020438577816
805,Baltimore City,3265,Baltimore City Precinct 25-005,822,837,115,2443,3265,1,0.2517611026033691,0.748238897396631,2313,0.2563552833078101,0.03522205206738132,0.7084226646248086
807,Baltimore City,2660,Baltimore City Precinct 25-008,74,1060,6,2586,2660,1,0.027819548872180452,0.9721804511278196,1594,0.39849624060150374,0.002255639097744361,0.5992481203007519
808,Baltimore City,1089,Baltimore City Precinct 25-009,9,650,2,1080,1089,1,0.008264462809917356,0.9917355371900827,437,0.5968778696051423,0.0018365472910927456,0.40128558310376494
809,Baltimore City,1595,Baltimore City Precinct 25-010,46,716,2,1549,1595,1,0.02884012539184953,0.9711598746081505,877,0.4489028213166144,0.0012539184952978057,0.5498432601880878
810,Baltimore City,3555,Baltimore City Precinct 25-003,2570,609,389,985,3555,1,0.7229254571026723,0.2770745428973277,2557,0.17130801687763714,0.10942334739803095,0.719268635724332
811,Baltimore City,929,Baltimore City Precinct 20-009,527,215,48,402,929,1,0.5672766415500539,0.4327233584499462,666,0.23143164693218515,0.05166846071044134,0.7168998923573735
812,Baltimore City,1049,Baltimore City Precinct 20-005,28,483,3,1021,1049,1,0.02669208770257388,0.9733079122974261,563,0.4604385128693994,0.002859866539561487,0.5367016205910391
813,Baltimore City,3568,Baltimore City Precinct 25-004,2774,542,362,794,3568,1,0.7774663677130045,0.22253363228699552,2664,0.15190582959641255,0.10145739910313901,0.7466367713004485
814,Baltimore City,756,Baltimore City Precinct 20-010,333,164,29,423,756,1,0.44047619047619047,0.5595238095238095,563,0.21693121693121692,0.03835978835978836,0.7447089947089947
815,Baltimore City,2322,Baltimore City Precinct 20-003,54,956,6,2268,2322,1,0.023255813953488372,0.9767441860465116,1360,0.4117140396210164,0.002583979328165375,0.5857019810508183
816,Baltimore City,2303,Baltimore City Precinct 20-011,848,603,63,1455,2303,1,0.36821537125488496,0.6317846287451151,1637,0.26183239253148066,0.02735562310030395,0.7108119843682154
817,Baltimore City,950,Baltimore City Precinct 20-002,70,294,8,880,950,1,0.07368421052631578,0.9263157894736842,648,0.3094736842105263,0.008421052631578947,0.6821052631578948
818,Baltimore City,1760,Baltimore City Precinct 16-013,14,752,6,1746,1760,1,0.007954545454545454,0.9920454545454546,1002,0.42727272727272725,0.003409090909090909,0.5693181818181818
819,Baltimore City,1950,Baltimore City Precinct 16-012,10,841,9,1940,1950,1,0.005128205128205128,0.9948717948717949,1100,0.43128205128205127,0.004615384615384616,0.5641025641025641
820,Baltimore City,240,Baltimore City Precinct 20-004,4,125,3,236,240,1,0.016666666666666666,0.9833333333333333,112,0.5208333333333334,0.0125,0.4666666666666667
821,Baltimore City,1495,Baltimore City Precinct 16-008,24,641,2,1471,1495,1,0.016053511705685617,0.9839464882943144,852,0.4287625418060201,0.0013377926421404682,0.5698996655518395
822,Baltimore City,901,Baltimore City Precinct 26-031,516,243,116,385,901,1,0.5726970033296337,0.42730299667036625,542,0.26970033296337403,0.12874583795782463,0.6015538290788013
826,Baltimore City,2719,Baltimore City Precinct 27-008,1192,883,240,1527,2719,1,0.4383964692901802,0.5616035307098198,1596,0.32475174696579623,0.08826774549466716,0.5869805075395366
827,Baltimore City,2670,Baltimore City Precinct 27-011,1688,810,428,982,2670,1,0.6322097378277154,0.36779026217228467,1432,0.30337078651685395,0.16029962546816479,0.5363295880149813
828,Baltimore City,842,Baltimore City Precinct 27-010,645,222,160,197,842,1,0.7660332541567696,0.2339667458432304,460,0.26365795724465557,0.19002375296912113,0.5463182897862233
876,Baltimore City,1038,Baltimore City Precinct 12-011,130,412,11,908,1038,1,0.1252408477842004,0.8747591522157996,615,0.3969171483622351,0.010597302504816955,0.5924855491329479
877,Baltimore City,1718,Baltimore City Precinct 12-008,988,551,47,730,1718,1,0.5750873108265425,0.42491268917345754,1120,0.32072176949941794,0.027357392316647265,0.6519208381839348
878,Baltimore City,1916,Baltimore City Precinct 12-010,382,649,21,1534,1916,1,0.19937369519832984,0.8006263048016702,1246,0.3387265135699374,0.010960334029227558,0.6503131524008351
882,Baltimore City,1139,Baltimore City Precinct 25-011,672,164,96,467,1139,1,0.5899912203687445,0.4100087796312555,879,0.14398595258999122,0.08428446005267778,0.771729587357331
883,Baltimore City,2273,Baltimore City Precinct 25-012,1279,359,154,994,2273,1,0.5626924769027717,0.4373075230972283,1760,0.15794104707435108,0.06775186977562693,0.774307083150022
884,Baltimore City,1483,Baltimore City Precinct 25-014,468,394,42,1015,1483,1,0.3155765340525961,0.6844234659474039,1047,0.26567768037761297,0.028320971004720162,0.706001348617667
885,Baltimore City,1262,Baltimore City Precinct 25-013,750,176,75,512,1262,1,0.5942947702060222,0.40570522979397783,1011,0.13946117274167988,0.059429477020602216,0.8011093502377179
886,Baltimore City,1628,Baltimore City Precinct 25-015,701,397,72,927,1628,1,0.4305896805896806,0.5694103194103194,1159,0.24385749385749386,0.044226044226044224,0.711916461916462
887,Baltimore City,2415,Baltimore City Precinct 25-016,1616,392,144,799,2415,1,0.6691511387163561,0.3308488612836439,1879,0.16231884057971013,0.05962732919254658,0.7780538302277433
888,Baltimore City,2673,Baltimore City Precinct 24-004,2448,739,522,225,2673,1,0.9158249158249159,0.08417508417508418,1412,0.2764683875794987,0.19528619528619529,0.5282454171343061
889,Baltimore City,878,Baltimore City Precinct 24-002,775,242,168,103,878,1,0.8826879271070615,0.11731207289293849,468,0.275626423690205,0.19134396355353075,0.5330296127562643
890,Baltimore City,722,Baltimore City Precinct 24-001,632,239,126,90,722,1,0.8753462603878116,0.12465373961218837,357,0.33102493074792244,0.1745152354570637,0.49445983379501385
891,Baltimore City,1728,Baltimore City Precinct 24-003,1531,507,367,197,1728,1,0.8859953703703703,0.11400462962962964,854,0.2934027777777778,0.21238425925925927,0.49421296296296297
892,Baltimore City,1994,Baltimore City Precinct 03-003,1421,454,263,573,1994,1,0.7126379137412236,0.28736208625877635,1277,0.22768304914744233,0.13189568706118354,0.6404212637913741
893,Baltimore City,3017,Baltimore City Precinct 24-005,2786,865,685,231,3017,1,0.9234338747099768,0.0765661252900232,1467,0.2867086509777925,0.22704673516738483,0.48624461385482265
894,Baltimore City,2635,Baltimore City Precinct 02-003,2167,689,282,468,2635,1,0.8223908918406072,0.1776091081593928,1664,0.26148007590132827,0.10702087286527515,0.6314990512333966
895,Baltimore City,2074,Baltimore City Precinct 02-002,1402,544,182,672,2074,1,0.6759884281581485,0.3240115718418515,1348,0.26229508196721313,0.08775313404050145,0.6499517839922855
896,Baltimore City,2117,Baltimore City Precinct 01-002,1706,609,223,411,2117,1,0.8058573452999528,0.19414265470004724,1285,0.2876712328767123,0.10533774208786018,0.6069910250354275
897,Baltimore City,1947,Baltimore City Precinct 01-003,1710,409,286,237,1947,1,0.8782742681047766,0.12172573189522343,1252,0.21006676938880328,0.14689265536723164,0.6430405752439651
898,Baltimore City,2617,Baltimore City Precinct 05-001,202,657,12,2415,2617,1,0.07718761941153993,0.92281238058846,1948,0.25105082155139474,0.0045854031333588076,0.7443637753152464
899,Baltimore City,658,Baltimore City Precinct 10-004,17,282,1,641,658,1,0.025835866261398176,0.9741641337386018,375,0.42857142857142855,0.001519756838905775,0.5699088145896657
900,Baltimore City,5665,Baltimore City Precinct 10-003,789,253,2,4876,5665,1,0.13927625772285968,0.8607237422771403,5410,0.04466019417475728,0.000353045013239188,0.9549867608120035
901,Baltimore City,836,Baltimore City Precinct 03-002,231,273,23,605,836,1,0.27631578947368424,0.7236842105263158,540,0.326555023923445,0.02751196172248804,0.645933014354067
913,Baltimore City,2765,Baltimore City Precinct 07-004,124,952,13,2641,2765,1,0.04484629294755877,0.9551537070524412,1800,0.34430379746835443,0.004701627486437613,0.650994575045208
914,Baltimore City,3497,Baltimore City Precinct 26-010,1389,625,179,2108,3497,1,0.3971975979410924,0.6028024020589077,2693,0.17872462110380327,0.05118673148412926,0.7700886474120675
915,Baltimore City,923,Baltimore City Precinct 26-012,85,260,6,838,923,1,0.09209100758396534,0.9079089924160346,657,0.28169014084507044,0.0065005417118093175,0.7118093174431203
916,Baltimore City,3245,Baltimore City Precinct 08-010,18,1504,11,3227,3245,1,0.005546995377503852,0.9944530046224962,1730,0.46348228043143297,0.003389830508474576,0.5331278890600925
917,Baltimore City,577,Baltimore City Precinct 08-011,13,280,3,564,577,1,0.022530329289428077,0.9774696707105719,294,0.4852686308492201,0.005199306759098787,0.5095320623916811
918,Baltimore City,1998,Baltimore City Precinct 08-003,70,807,10,1928,1998,1,0.035035035035035036,0.964964964964965,1181,0.4039039039039039,0.005005005005005005,0.591091091091091
919,Baltimore City,1675,Baltimore City Precinct 26-019,143,667,20,1532,1675,1,0.0853731343283582,0.9146268656716418,988,0.3982089552238806,0.011940298507462687,0.5898507462686567
920,Baltimore City,783,Baltimore City Precinct 26-020,50,327,12,733,783,1,0.06385696040868455,0.9361430395913155,444,0.41762452107279696,0.01532567049808429,0.5670498084291188
921,Baltimore City,1709,Baltimore City Precinct 26-011,785,220,106,924,1709,1,0.4593329432416618,0.5406670567583383,1383,0.12873025160912815,0.0620245757753072,0.8092451726155646
922,Baltimore City,1355,Baltimore City Precinct 26-013,1074,193,173,281,1355,1,0.792619926199262,0.207380073800738,989,0.14243542435424356,0.12767527675276752,0.7298892988929889
923,Baltimore City,339,Baltimore City Precinct 26-017,33,160,5,306,339,1,0.09734513274336283,0.9026548672566371,174,0.471976401179941,0.014749262536873156,0.5132743362831859
924,Baltimore City,2928,Baltimore City Precinct 26-018,256,1194,43,2672,2928,1,0.08743169398907104,0.912568306010929,1691,0.4077868852459016,0.014685792349726777,0.5775273224043715
925,Baltimore City,1249,Baltimore City Precinct 26-016,74,471,3,1175,1249,1,0.059247397918334666,0.9407526020816653,775,0.37710168134507605,0.0024019215372297837,0.6204963971176941
982,Baltimore City,2683,Baltimore City Precinct 26-024,242,820,18,2441,2683,1,0.09019754006708908,0.9098024599329109,1845,0.3056280283265002,0.006708907938874394,0.6876630637346254
983,Baltimore City,2299,Baltimore City Precinct 26-025,146,544,18,2153,2299,1,0.06350587211831231,0.9364941278816877,1737,0.23662461939973903,0.0078294910830796,0.7555458895171814
984,Baltimore City,1812,Baltimore City Precinct 26-026,482,616,98,1330,1812,1,0.26600441501103755,0.7339955849889624,1098,0.33995584988962474,0.05408388520971302,0.6059602649006622
985,Baltimore City,2585,Baltimore City Precinct 27-005,1273,879,223,1312,2585,1,0.49245647969052225,0.5075435203094778,1483,0.3400386847195358,0.0862669245647969,0.5736943907156673
986,Baltimore City,3355,Baltimore City Precinct 27-006,959,1124,163,2396,3355,1,0.28584202682563337,0.7141579731743666,2068,0.3350223546944858,0.04858420268256334,0.6163934426229508
987,Baltimore City,780,Baltimore City Precinct 27-019,33,326,7,747,780,1,0.04230769230769231,0.9576923076923077,447,0.41794871794871796,0.008974358974358974,0.573076923076923
988,Baltimore City,2289,Baltimore City Precinct 27-015,400,803,84,1889,2289,1,0.17474879860200962,0.8252512013979904,1402,0.3508082131935343,0.03669724770642202,0.6124945391000437
992,Baltimore City,2647,Baltimore City Precinct 27-014,1453,851,297,1194,2647,1,0.5489233094068757,0.4510766905931243,1499,0.3214960332451832,0.11220249338874197,0.5663014733660748
993,Baltimore City,3409,Baltimore City Precinct 27-013,915,1075,208,2494,3409,1,0.26840715752420063,0.7315928424757994,2126,0.31534174244646523,0.061014960398943975,0.6236432971545908
994,Baltimore City,1492,Baltimore City Precinct 27-009,843,584,177,649,1492,1,0.5650134048257373,0.43498659517426275,731,0.3914209115281501,0.11863270777479892,0.48994638069705093
995,Baltimore City,762,Baltimore City Precinct 27-012,550,180,109,212,762,1,0.7217847769028871,0.2782152230971129,473,0.23622047244094488,0.14304461942257218,0.6207349081364829
1014,Baltimore City,751,Baltimore City Precinct 27-037,547,248,135,204,751,1,0.7283621837549934,0.27163781624500666,368,0.33022636484687085,0.17976031957390146,0.49001331557922767
1015,Baltimore City,1727,Baltimore City Precinct 27-038,993,572,81,734,1727,1,0.57498552403011,0.42501447596989,1074,0.33121019108280253,0.046902142443543716,0.6218876664736538
1016,Baltimore City,1669,Baltimore City Precinct 27-042,1261,633,285,408,1669,1,0.7555422408627921,0.2444577591372079,751,0.3792690233672858,0.170760934691432,0.4499700419412822
1017,Baltimore City,1155,Baltimore City Precinct 27-044,1034,482,173,121,1155,1,0.8952380952380953,0.10476190476190476,500,0.4173160173160173,0.1497835497835498,0.4329004329004329
1018,Baltimore City,1487,Baltimore City Precinct 27-040,1289,520,346,198,1487,1,0.8668459986550101,0.13315400134498992,621,0.3496973772696705,0.23268325487558844,0.4176193678547411
1019,Baltimore City,742,Baltimore City Precinct 27-039,645,353,145,97,742,1,0.8692722371967655,0.1307277628032345,244,0.4757412398921833,0.1954177897574124,0.3288409703504043
1020,Baltimore City,1929,Baltimore City Precinct 27-041,1446,676,281,483,1929,1,0.749611197511664,0.25038880248833595,972,0.35044064282011406,0.1456713322965267,0.5038880248833593
1036,Baltimore City,1338,Baltimore City Precinct 09-010,254,599,10,1084,1338,1,0.1898355754857997,0.8101644245142003,729,0.4476831091180867,0.007473841554559043,0.5448430493273543
1037,Baltimore City,1402,Baltimore City Precinct 09-003,246,626,24,1156,1402,1,0.1754636233951498,0.8245363766048502,752,0.44650499286733236,0.017118402282453638,0.536376604850214
1038,Baltimore City,1166,Baltimore City Precinct 09-002,133,428,10,1033,1166,1,0.11406518010291596,0.885934819897084,728,0.3670668953687822,0.008576329331046312,0.6243567753001715
1039,Baltimore City,1002,Baltimore City Precinct 09-009,76,424,6,926,1002,1,0.07584830339321358,0.9241516966067864,572,0.4231536926147705,0.005988023952095809,0.5708582834331337
1040,Baltimore City,1958,Baltimore City Precinct 09-004,484,805,53,1474,1958,1,0.24719101123595505,0.7528089887640449,1100,0.4111338100102145,0.027068437180796732,0.5617977528089888
1041,Baltimore City,1717,Baltimore City Precinct 09-005,367,596,22,1350,1717,1,0.21374490390215492,0.786255096097845,1099,0.34711706464764125,0.0128130460104834,0.6400698893418754
1042,Baltimore City,782,Baltimore City Precinct 09-001,41,315,8,741,782,1,0.052429667519181586,0.9475703324808185,459,0.40281329923273657,0.010230179028132993,0.5869565217391305
1043,Baltimore City,970,Baltimore City Precinct 27-036,32,446,7,938,970,1,0.032989690721649485,0.9670103092783505,517,0.45979381443298967,0.007216494845360825,0.5329896907216495
1044,Baltimore City,3261,Baltimore City Precinct 27-035,98,1188,12,3163,3261,1,0.03005213124808341,0.9699478687519166,2061,0.36430542778288866,0.0036798528058877645,0.6320147194112236
1045,Baltimore City,1481,Baltimore City Precinct 27-026,265,353,23,1216,1481,1,0.17893315327481432,0.8210668467251857,1105,0.23835246455097908,0.015530047265361242,0.7461174881836596
1046,Baltimore City,1722,Baltimore City Precinct 27-027,33,631,5,1689,1722,1,0.01916376306620209,0.980836236933798,1086,0.36643437862950057,0.0029036004645760743,0.6306620209059234
1047,Baltimore City,1372,Baltimore City Precinct 27-028,32,500,7,1340,1372,1,0.023323615160349854,0.9766763848396501,865,0.36443148688046645,0.00510204081632653,0.630466472303207
1048,Baltimore City,858,Baltimore City Precinct 27-029,10,380,2,848,858,1,0.011655011655011656,0.9883449883449883,476,0.4428904428904429,0.002331002331002331,0.5547785547785548
1049,Baltimore City,1643,Baltimore City Precinct 09-008,18,640,2,1625,1643,1,0.010955569080949483,0.9890444309190505,1001,0.38953134510042603,0.0012172854534388314,0.6092513694461351
1050,Baltimore City,1933,Baltimore City Precinct 09-006,142,876,16,1791,1933,1,0.0734609415416451,0.9265390584583549,1041,0.45318158303155714,0.008277289187790998,0.5385411277806519
1051,Baltimore City,1819,Baltimore City Precinct 09-007,152,829,15,1667,1819,1,0.08356239692138538,0.9164376030786147,975,0.4557449147883452,0.008246289169873557,0.5360087960417812
1052,Baltimore City,1296,Baltimore City Precinct 27-025,35,510,9,1261,1296,1,0.02700617283950617,0.9729938271604939,777,0.39351851851851855,0.006944444444444444,0.5995370370370371
1053,Baltimore City,1047,Baltimore City Precinct 27-024,138,235,3,909,1047,1,0.1318051575931232,0.8681948424068768,809,0.224450811843362,0.0028653295128939827,0.772683858643744
1054,Baltimore City,588,Baltimore City Precinct 27-023,30,270,8,558,588,1,0.05102040816326531,0.9489795918367347,310,0.45918367346938777,0.013605442176870748,0.5272108843537415
1055,Baltimore City,1632,Baltimore City Precinct 27-034,121,727,11,1511,1632,1,0.0741421568627451,0.9258578431372549,894,0.44546568627450983,0.006740196078431373,0.5477941176470589
1056,Baltimore City,2316,Baltimore City Precinct 27-033,564,910,75,1752,2316,1,0.24352331606217617,0.7564766839378239,1331,0.39291882556131263,0.03238341968911917,0.5746977547495682
1057,Baltimore City,2778,Baltimore City Precinct 27-032,1010,954,107,1768,2778,1,0.36357091432685384,0.6364290856731462,1717,0.3434125269978402,0.03851691864650828,0.6180705543556515
1060,Baltimore City,1703,Baltimore City Precinct 27-030,58,598,10,1645,1703,1,0.03405754550792719,0.9659424544920728,1095,0.3511450381679389,0.005871990604815032,0.642982971227246
1061,Baltimore City,2334,Baltimore City Precinct 27-031,141,903,23,2193,2334,1,0.060411311053984576,0.9395886889460154,1408,0.38688946015424164,0.00985432733504713,0.6032562125107113
1062,Baltimore City,2547,Baltimore City Precinct 27-022,207,986,27,2340,2547,1,0.0812720848056537,0.9187279151943463,1534,0.38712210443659206,0.01060070671378092,0.602277188849627
1063,Baltimore City,2765,Baltimore City Precinct 27-021,234,995,26,2531,2765,1,0.08462929475587704,0.915370705244123,1744,0.35985533453887886,0.009403254972875226,0.630741410488246
1064,Baltimore City,2623,Baltimore City Precinct 27-020,377,899,45,2246,2623,1,0.14372855508959206,0.856271444910408,1679,0.3427373236751811,0.01715592832634388,0.640106747998475
1066,Baltimore City,1108,Baltimore City Precinct 08-001,657,478,157,451,1108,1,0.5929602888086642,0.40703971119133575,473,0.4314079422382672,0.14169675090252706,0.4268953068592058
1067,Baltimore City,1540,Baltimore City Precinct 08-002,183,614,30,1357,1540,1,0.11883116883116883,0.8811688311688312,896,0.3987012987012987,0.01948051948051948,0.5818181818181818
1068,Baltimore City,2756,Baltimore City Precinct 26-021,263,1230,38,2493,2756,1,0.09542815674891146,0.9045718432510885,1488,0.4462989840348331,0.013788098693759071,0.5399129172714079
1069,Baltimore City,813,Baltimore City Precinct 26-022,102,293,20,711,813,1,0.12546125461254612,0.8745387453874539,500,0.36039360393603936,0.024600246002460024,0.6150061500615006
1070,Baltimore City,586,Baltimore City Precinct 27-002,406,289,67,180,586,1,0.6928327645051194,0.30716723549488056,230,0.4931740614334471,0.11433447098976109,0.3924914675767918
1071,Baltimore City,2370,Baltimore City Precinct 27-001,734,843,133,1636,2370,1,0.309704641350211,0.6902953586497891,1394,0.3556962025316456,0.056118143459915615,0.5881856540084388
1072,Baltimore City,3583,Baltimore City Precinct 27-018,801,745,89,2782,3583,1,0.22355567959810216,0.7764443204018978,2749,0.20792631872732348,0.024839519955344683,0.7672341613173318
1073,Baltimore City,1263,Baltimore City Precinct 27-017,466,537,70,797,1263,1,0.36896278701504354,0.6310372129849564,656,0.4251781472684085,0.055423594615993665,0.5193982581155978
1074,Baltimore City,642,Baltimore City Precinct 27-003,342,250,45,300,642,1,0.5327102803738317,0.4672897196261682,347,0.3894080996884735,0.07009345794392523,0.5404984423676013
1075,Baltimore City,676,Baltimore City Precinct 27-004,338,226,62,338,676,1,0.5,0.5,388,0.3343195266272189,0.09171597633136094,0.5739644970414202
1076,Baltimore City,796,Baltimore City Precinct 27-016,371,292,50,425,796,1,0.46608040201005024,0.5339195979899497,454,0.36683417085427134,0.06281407035175879,0.5703517587939698
1077,Baltimore City,1296,Baltimore City Precinct 26-023,120,458,17,1176,1296,1,0.09259259259259259,0.9074074074074074,821,0.3533950617283951,0.013117283950617283,0.6334876543209876
1078,Baltimore City,1224,Baltimore City Precinct 15-022,11,635,6,1213,1224,1,0.008986928104575163,0.9910130718954249,583,0.5187908496732027,0.004901960784313725,0.47630718954248363
1079,Baltimore City,2136,Baltimore City Precinct 15-024,9,847,6,2127,2136,1,0.004213483146067416,0.9957865168539326,1283,0.39653558052434457,0.0028089887640449437,0.6006554307116105
1080,Baltimore City,964,Baltimore City Precinct 27-055,16,381,1,948,964,1,0.016597510373443983,0.983402489626556,582,0.39522821576763484,0.001037344398340249,0.6037344398340249
1081,Baltimore City,951,Baltimore City Precinct 15-025,20,355,0,931,951,1,0.02103049421661409,0.9789695057833859,596,0.3732912723449001,0.0,0.6267087276550999
1082,Baltimore City,614,Baltimore City Precinct 27-054,17,221,3,597,614,1,0.02768729641693811,0.9723127035830619,390,0.35993485342019543,0.004885993485342019,0.6351791530944625
1083,Baltimore City,804,Baltimore City Precinct 27-058,10,273,4,794,804,1,0.012437810945273632,0.9875621890547264,527,0.33955223880597013,0.004975124378109453,0.6554726368159204
1084,Baltimore City,1983,Baltimore City Precinct 27-053,65,727,4,1918,1983,1,0.03277861825516894,0.9672213817448311,1252,0.36661623802319715,0.002017145738779627,0.6313666162380231
1085,Baltimore City,3199,Baltimore City Precinct 27-052,85,1123,11,3114,3199,1,0.026570803376055017,0.973429196623945,2065,0.35104720225070335,0.0034385745545482964,0.6455142231947484
1086,Baltimore City,2203,Baltimore City Precinct 15-023,61,810,3,2142,2203,1,0.027689514298683614,0.9723104857013164,1390,0.36768043576940534,0.0013617793917385383,0.6309577848388561
1087,Baltimore City,1066,Baltimore City Precinct 13-005,806,298,97,260,1066,1,0.7560975609756098,0.24390243902439024,671,0.2795497185741088,0.09099437148217636,0.6294559099437148
1088,Baltimore City,1038,Baltimore City Precinct 27-048,156,391,29,882,1038,1,0.15028901734104047,0.8497109826589595,618,0.3766859344894027,0.027938342967244702,0.5953757225433526
1089,Baltimore City,827,Baltimore City Precinct 27-043,692,322,100,135,827,1,0.8367593712212817,0.16324062877871826,405,0.3893591293833132,0.12091898428053205,0.48972188633615477
1090,Baltimore City,1140,Baltimore City Precinct 27-050,691,569,65,449,1140,1,0.606140350877193,0.393859649122807,506,0.49912280701754386,0.05701754385964912,0.443859649122807
1091,Baltimore City,390,Baltimore City Precinct 27-051,146,104,6,244,390,1,0.37435897435897436,0.6256410256410256,280,0.26666666666666666,0.015384615384615385,0.717948717948718
1092,Baltimore City,2674,Baltimore City Precinct 27-049,2164,1073,332,510,2674,1,0.8092744951383695,0.1907255048616305,1269,0.4012715033657442,0.12415856394913986,0.47456993268511594
1094,Baltimore City,777,Baltimore City Precinct 13-006,30,339,1,747,777,1,0.03861003861003861,0.9613899613899614,437,0.4362934362934363,0.001287001287001287,0.5624195624195624
1095,Baltimore City,1244,Baltimore City Precinct 13-004,1098,373,201,146,1244,1,0.882636655948553,0.11736334405144695,670,0.29983922829581994,0.16157556270096463,0.5385852090032154
1096,Baltimore City,2273,Baltimore City Precinct 13-003,1980,725,219,293,2273,1,0.8710954685437747,0.12890453145622524,1329,0.31896172459304883,0.0963484381874175,0.5846898372195336
1097,Baltimore City,2199,Baltimore City Precinct 13-011,1953,812,225,246,2199,1,0.888130968622101,0.11186903137789904,1162,0.3692587539790814,0.10231923601637108,0.5284220100045475
1098,Baltimore City,1290,Baltimore City Precinct 13-012,1174,456,128,116,1290,1,0.9100775193798449,0.08992248062015504,706,0.35348837209302325,0.09922480620155039,0.5472868217054263
1099,Baltimore City,2558,Baltimore City Precinct 13-001,1793,614,145,765,2558,1,0.700938232994527,0.29906176700547304,1799,0.2400312744331509,0.056684910086004694,0.7032838154808444
1100,Baltimore City,1628,Baltimore City Precinct 27-047,1104,393,151,524,1628,1,0.6781326781326781,0.32186732186732187,1084,0.2414004914004914,0.09275184275184276,0.6658476658476659
1101,Baltimore City,1385,Baltimore City Precinct 13-002,1103,441,130,282,1385,1,0.7963898916967509,0.2036101083032491,814,0.31841155234657037,0.09386281588447654,0.5877256317689531
1102,Baltimore City,802,Baltimore City Precinct 27-046,669,361,125,133,802,1,0.8341645885286783,0.1658354114713217,316,0.45012468827930174,0.15586034912718205,0.3940149625935162
1103,Baltimore City,4732,Baltimore City Precinct 27-045,3995,741,216,737,4732,1,0.8442519019442096,0.15574809805579037,3775,0.1565934065934066,0.04564666103127642,0.797759932375317
1104,Baltimore City,1486,Baltimore City Precinct 12-003,862,344,58,624,1486,1,0.5800807537012113,0.4199192462987887,1084,0.23149394347240915,0.039030955585464336,0.7294751009421265
1105,Baltimore City,1587,Baltimore City Precinct 12-006,1031,350,30,556,1587,1,0.649653434152489,0.350346565847511,1207,0.2205419029615627,0.01890359168241966,0.7605545053560177
1106,Baltimore City,1914,Baltimore City Precinct 12-005,1218,497,57,696,1914,1,0.6363636363636364,0.36363636363636365,1360,0.25966562173458724,0.029780564263322883,0.7105538140020898
1107,Baltimore City,3814,Baltimore City Precinct 12-004,2068,584,86,1746,3814,1,0.5422128998426848,0.45778710015731516,3144,0.15312008390141585,0.022548505506030415,0.8243314105925538
1108,Baltimore City,2306,Baltimore City Precinct 12-002,1529,92,41,777,2306,1,0.663052905464007,0.3369470945359931,2173,0.0398959236773634,0.01777970511708586,0.9423243712055508
1109,Baltimore City,2090,Baltimore City Precinct 12-001,1535,1101,302,555,2090,1,0.7344497607655502,0.26555023923444976,687,0.5267942583732057,0.1444976076555024,0.3287081339712919
1163,Baltimore City,2988,Baltimore City Precinct 28-006,115,980,22,2873,2988,1,0.03848728246318608,0.9615127175368139,1986,0.3279785809906292,0.007362784471218206,0.6646586345381527
1164,Baltimore City,1374,Baltimore City Precinct 28-007,38,527,4,1336,1374,1,0.027656477438136828,0.9723435225618632,843,0.38355167394468703,0.002911208151382824,0.6135371179039302
1165,Baltimore City,1808,Baltimore City Precinct 28-005,29,672,7,1779,1808,1,0.016039823008849558,0.9839601769911505,1129,0.37168141592920356,0.0038716814159292035,0.6244469026548672
1166,Baltimore City,2470,Baltimore City Precinct 28-002,50,866,13,2420,2470,1,0.020242914979757085,0.979757085020243,1591,0.35060728744939273,0.005263157894736842,0.6441295546558704
1167,Baltimore City,882,Baltimore City Precinct 28-004,11,294,9,871,882,1,0.012471655328798186,0.9875283446712018,579,0.3333333333333333,0.01020408163265306,0.6564625850340136
1168,Baltimore City,1074,Baltimore City Precinct 15-002,22,389,4,1052,1074,1,0.020484171322160148,0.9795158286778398,681,0.3621973929236499,0.0037243947858473,0.6340782122905028
1169,Baltimore City,2856,Baltimore City Precinct 15-009,38,1112,12,2818,2856,1,0.01330532212885154,0.9866946778711485,1732,0.38935574229691877,0.004201680672268907,0.6064425770308123
1201,Baltimore City,1822,Baltimore City Precinct 03-001,235,718,16,1587,1822,1,0.12897914379802414,0.8710208562019759,1088,0.3940724478594951,0.008781558726673985,0.5971459934138309
1202,Baltimore City,356,Baltimore City Precinct 05-002,41,98,1,315,356,1,0.1151685393258427,0.8848314606741573,257,0.2752808988764045,0.0028089887640449437,0.7219101123595506
1203,Baltimore City,1273,Baltimore City Precinct 10-002,8,651,4,1265,1273,1,0.006284367635506678,0.9937156323644933,618,0.5113904163393559,0.003142183817753339,0.48546739984289083
1204,Baltimore City,987,Baltimore City Precinct 10-001,13,571,4,974,987,1,0.013171225937183385,0.9868287740628167,412,0.5785207700101317,0.004052684903748734,0.41742654508611954
1205,Baltimore City,1789,Baltimore City Precinct 09-015,22,816,5,1767,1789,1,0.012297372833985467,0.9877026271660145,968,0.45612073784237006,0.002794857462269424,0.5410844046953606
1206,Baltimore City,1316,Baltimore City Precinct 12-007,363,651,13,953,1316,1,0.27583586626139817,0.7241641337386018,652,0.4946808510638298,0.009878419452887538,0.49544072948328266
1207,Baltimore City,1357,Baltimore City Precinct 09-014,18,701,3,1339,1357,1,0.013264554163596167,0.9867354458364038,653,0.5165806927044952,0.002210759027266028,0.4812085482682388
1208,Baltimore City,364,Baltimore City Precinct 09-011,6,108,1,358,364,1,0.016483516483516484,0.9835164835164835,255,0.2967032967032967,0.0027472527472527475,0.7005494505494505
1209,Baltimore City,917,Baltimore City Precinct 09-013,12,412,1,905,917,1,0.013086150490730643,0.9869138495092693,504,0.44929116684841874,0.0010905125408942203,0.549618320610687
1210,Baltimore City,1609,Baltimore City Precinct 09-012,36,750,4,1573,1609,1,0.022374145431945307,0.9776258545680547,855,0.4661280298321939,0.002486016159105034,0.531385954008701
1211,Baltimore City,1368,Baltimore City Precinct 02-001,706,362,77,662,1368,1,0.5160818713450293,0.48391812865497075,929,0.2646198830409357,0.056286549707602336,0.679093567251462
1212,Baltimore City,1117,Baltimore City Precinct 06-004,528,443,57,589,1117,1,0.4726947179946285,0.5273052820053715,617,0.39659803043867503,0.051029543419874666,0.5523724261414503
1213,Baltimore City,475,Baltimore City Precinct 06-003,44,188,3,431,475,1,0.09263157894736843,0.9073684210526316,284,0.3957894736842105,0.00631578947368421,0.5978947368421053
1214,Baltimore City,1050,Baltimore City Precinct 07-001,14,500,3,1036,1050,1,0.013333333333333334,0.9866666666666667,547,0.47619047619047616,0.002857142857142857,0.520952380952381
1215,Baltimore City,441,Baltimore City Precinct 08-007,11,193,1,430,441,1,0.024943310657596373,0.9750566893424036,247,0.4376417233560091,0.0022675736961451248,0.5600907029478458
1216,Baltimore City,250,Baltimore City Precinct 07-002,11,106,4,239,250,1,0.044,0.956,140,0.424,0.016,0.56
1217,Baltimore City,819,Baltimore City Precinct 06-002,107,250,11,712,819,1,0.13064713064713065,0.8693528693528694,558,0.3052503052503053,0.013431013431013432,0.6813186813186813
1218,Baltimore City,2445,Baltimore City Precinct 07-003,84,951,11,2361,2445,1,0.0343558282208589,0.9656441717791411,1483,0.3889570552147239,0.004498977505112475,0.6065439672801636
1219,Baltimore City,986,Baltimore City Precinct 08-008,30,391,2,956,986,1,0.030425963488843813,0.9695740365111561,593,0.39655172413793105,0.002028397565922921,0.6014198782961461
1220,Baltimore City,1928,Baltimore City Precinct 08-006,31,837,9,1897,1928,1,0.016078838174273857,0.9839211618257261,1082,0.4341286307053942,0.00466804979253112,0.5612033195020747
1221,Baltimore City,1774,Baltimore City Precinct 08-005,22,843,7,1752,1774,1,0.012401352874859075,0.9875986471251409,924,0.47519729425028184,0.003945885005636978,0.5208568207440811
1222,Baltimore City,1071,Baltimore City Precinct 08-009,21,485,8,1050,1071,1,0.0196078431372549,0.9803921568627451,578,0.45284780578898226,0.007469654528478058,0.5396825396825397
1223,Baltimore City,473,Baltimore City Precinct 08-004,8,207,0,465,473,1,0.016913319238900635,0.9830866807610994,266,0.4376321353065539,0.0,0.5623678646934461
1224,Baltimore City,951,Baltimore City Precinct 26-008,818,191,145,133,951,1,0.8601472134595163,0.1398527865404837,615,0.20084121976866456,0.15247108307045215,0.6466876971608833
1225,Baltimore City,2859,Baltimore City Precinct 01-004,2482,516,339,377,2859,1,0.8681357117873383,0.13186428821266177,2004,0.18048268625393493,0.11857292759706191,0.7009443861490031
1226,Baltimore City,3180,Baltimore City Precinct 01-005,2843,730,538,337,3180,1,0.8940251572327044,0.1059748427672956,1912,0.22955974842767296,0.1691823899371069,0.6012578616352201
1227,Baltimore City,3113,Baltimore City Precinct 26-009,2667,657,432,446,3113,1,0.856729842595567,0.14327015740443302,2024,0.21105043366527465,0.13877288788949566,0.6501766784452296
1228,Baltimore City,1478,Baltimore City Precinct 26-006,963,249,123,515,1478,1,0.6515561569688768,0.34844384303112313,1106,0.16847090663058187,0.08322056833558863,0.7483085250338295
1229,Baltimore City,1558,Baltimore City Precinct 01-001,1017,330,133,541,1558,1,0.6527599486521181,0.3472400513478819,1095,0.21181001283697048,0.08536585365853659,0.7028241335044929
1230,Baltimore City,3120,Baltimore City Precinct 06-005,1381,849,149,1739,3120,1,0.4426282051282051,0.5573717948717949,2122,0.2721153846153846,0.04775641025641025,0.6801282051282052
1231,Baltimore City,1744,Baltimore City Precinct 06-001,198,568,23,1546,1744,1,0.11353211009174312,0.8864678899082569,1153,0.3256880733944954,0.013188073394495414,0.6611238532110092
1232,Baltimore City,1555,Baltimore City Precinct 23-001,1384,420,241,171,1555,1,0.890032154340836,0.10996784565916398,894,0.27009646302250806,0.15498392282958198,0.5749196141479099
1233,Baltimore City,1449,Baltimore City Precinct 22-002,1253,490,260,196,1449,1,0.8647342995169082,0.13526570048309178,699,0.33816425120772947,0.17943409247757075,0.4824016563146998
1234,Baltimore City,1095,Baltimore City Precinct 22-001,797,322,144,298,1095,1,0.7278538812785388,0.27214611872146116,629,0.29406392694063926,0.13150684931506848,0.5744292237442923
1235,Baltimore City,1382,Baltimore City Precinct 19-001,24,636,2,1358,1382,1,0.017366136034732273,0.9826338639652678,744,0.4602026049204052,0.001447178002894356,0.5383502170767004
1236,Baltimore City,1137,Baltimore City Precinct 16-003,9,421,1,1128,1137,1,0.0079155672823219,0.9920844327176781,715,0.3702726473175022,0.0008795074758135445,0.6288478452066842
1237,Baltimore City,1737,Baltimore City Precinct 16-002,27,610,3,1710,1737,1,0.015544041450777202,0.9844559585492227,1124,0.3511801957397812,0.0017271157167530224,0.6470926885434658
1238,Baltimore City,985,Baltimore City Precinct 16-001,18,422,1,967,985,1,0.018274111675126905,0.9817258883248731,562,0.42842639593908627,0.0010152284263959391,0.5705583756345177
1239,Baltimore City,1226,Baltimore City Precinct 18-001,14,511,1,1212,1226,1,0.011419249592169658,0.9885807504078303,714,0.4168026101141925,0.0008156606851549756,0.5823817292006526
1240,Baltimore City,1367,Baltimore City Precinct 17-002,16,601,4,1351,1367,1,0.011704462326261888,0.9882955376737381,762,0.43964886613021215,0.002926115581565472,0.5574250182882224
1241,Baltimore City,1008,Baltimore City Precinct 14-003,24,405,6,984,1008,1,0.023809523809523808,0.9761904761904762,597,0.4017857142857143,0.005952380952380952,0.5922619047619048
1242,Baltimore City,1794,Baltimore City Precinct 15-019,31,873,5,1763,1794,1,0.017279821627647716,0.9827201783723523,916,0.4866220735785953,0.002787068004459309,0.5105908584169454
1243,Baltimore City,529,Baltimore City Precinct 14-005,4,230,0,525,529,1,0.007561436672967864,0.9924385633270322,299,0.43478260869565216,0.0,0.5652173913043478
1244,Baltimore City,1897,Baltimore City Precinct 13-008,110,841,8,1787,1897,1,0.05798629414865577,0.9420137058513443,1048,0.4433315761729046,0.004217185028993147,0.5524512387981023
1245,Baltimore City,1483,Baltimore City Precinct 13-007,15,728,7,1468,1483,1,0.010114632501685773,0.9898853674983142,748,0.4908968307484828,0.004720161834120027,0.5043830074173972
1246,Baltimore City,2314,Baltimore City Precinct 14-004,223,929,23,2091,2314,1,0.09636992221261884,0.9036300777873811,1362,0.4014693171996543,0.009939498703543647,0.5885911840968021
1247,Baltimore City,1277,Baltimore City Precinct 13-009,88,530,4,1189,1277,1,0.06891151135473766,0.9310884886452623,743,0.41503523884103366,0.0031323414252153485,0.581832419733751
1248,Baltimore City,1887,Baltimore City Precinct 13-010,272,819,21,1615,1887,1,0.14414414414414414,0.8558558558558559,1047,0.43402225755166934,0.011128775834658187,0.5548489666136724
1249,Baltimore City,588,Baltimore City Precinct 04-003,33,304,1,555,588,1,0.05612244897959184,0.9438775510204082,283,0.5170068027210885,0.0017006802721088435,0.4812925170068027
1250,Baltimore City,2521,Baltimore City Precinct 04-002,1231,533,116,1290,2521,1,0.48829829432764776,0.5117017056723523,1872,0.21142403808012694,0.04601348671162237,0.7425624752082507
1251,Baltimore City,1979,Baltimore City Precinct 17-001,162,751,20,1817,1979,1,0.08185952501263265,0.9181404749873674,1208,0.3794845881758464,0.01010611419909045,0.6104092976250631
1252,Baltimore City,1028,Baltimore City Precinct 11-004,115,443,5,913,1028,1,0.11186770428015565,0.8881322957198443,580,0.43093385214007784,0.0048638132295719845,0.5642023346303502
1253,Baltimore City,1704,Baltimore City Precinct 11-003,892,716,75,812,1704,1,0.5234741784037559,0.4765258215962441,913,0.42018779342723006,0.04401408450704225,0.5357981220657277
1254,Baltimore City,2097,Baltimore City Precinct 04-001,924,425,110,1173,2097,1,0.4406294706723891,0.5593705293276109,1562,0.20267048164043872,0.05245588936576061,0.7448736289938007
1255,Baltimore City,2967,Baltimore City Precinct 11-006,1600,853,90,1367,2967,1,0.5392652510953826,0.46073474890461746,2024,0.2874957869902258,0.030333670374115267,0.6821705426356589
1256,Baltimore City,870,Baltimore City Precinct 11-005,547,314,23,323,870,1,0.628735632183908,0.37126436781609196,533,0.36091954022988504,0.026436781609195402,0.6126436781609196
1257,Baltimore City,645,Baltimore City Precinct 11-002,302,248,32,343,645,1,0.4682170542635659,0.5317829457364341,365,0.38449612403100775,0.04961240310077519,0.5658914728682171
1258,Baltimore City,1818,Baltimore City Precinct 11-007,1109,622,72,709,1818,1,0.61001100110011,0.38998899889988997,1124,0.34213421342134215,0.039603960396039604,0.6182618261826183
1259,Baltimore City,1899,Baltimore City Precinct 11-001,1177,628,89,722,1899,1,0.6197998946814113,0.3802001053185887,1182,0.3307003686150606,0.0468667719852554,0.6224328593996841
1260,Baltimore City,1670,Baltimore City Precinct 14-002,830,651,41,840,1670,1,0.49700598802395207,0.5029940119760479,978,0.3898203592814371,0.024550898203592814,0.5856287425149701
1261,Baltimore City,1524,Baltimore City Precinct 14-001,930,355,21,594,1524,1,0.610236220472441,0.38976377952755903,1148,0.23293963254593175,0.013779527559055118,0.7532808398950132
1262,Baltimore City,2304,Baltimore City Precinct 12-009,1078,614,92,1226,2304,1,0.4678819444444444,0.5321180555555556,1598,0.2664930555555556,0.03993055555555555,0.6935763888888888
1263,Baltimore City,1485,Baltimore City Precinct 12-012,447,537,14,1038,1485,1,0.301010101010101,0.6989898989898989,934,0.3616161616161616,0.009427609427609427,0.6289562289562289
1289,Baltimore City,1691,Baltimore City Precinct 16-009,6,759,4,1685,1691,1,0.0035481963335304554,0.9964518036664696,928,0.4488468361916026,0.002365464222353637,0.5487876995860438
1290,Baltimore City,1025,Baltimore City Precinct 16-010,10,447,2,1015,1025,1,0.00975609756097561,0.9902439024390244,576,0.43609756097560975,0.001951219512195122,0.5619512195121952
1291,Baltimore City,936,Baltimore City Precinct 16-011,6,337,1,930,936,1,0.00641025641025641,0.9935897435897436,598,0.36004273504273504,0.0010683760683760685,0.6388888888888888
1292,Baltimore City,365,Baltimore City Precinct 15-012,13,126,1,352,365,1,0.03561643835616438,0.9643835616438357,238,0.3452054794520548,0.0027397260273972603,0.6520547945205479
1293,Baltimore City,1645,Baltimore City Precinct 15-007,21,626,5,1624,1645,1,0.01276595744680851,0.9872340425531915,1014,0.38054711246200607,0.00303951367781155,0.6164133738601824
1294,Baltimore City,754,Baltimore City Precinct 15-013,5,354,1,749,754,1,0.006631299734748011,0.993368700265252,399,0.46949602122015915,0.001326259946949602,0.5291777188328912
1295,Baltimore City,813,Baltimore City Precinct 15-015,5,343,1,808,813,1,0.006150061500615006,0.993849938499385,469,0.4218942189421894,0.0012300123001230013,0.5768757687576875
1296,Baltimore City,1295,Baltimore City Precinct 15-014,10,630,5,1285,1295,1,0.007722007722007722,0.9922779922779923,660,0.4864864864864865,0.003861003861003861,0.5096525096525096
1297,Baltimore City,1699,Baltimore City Precinct 15-006,17,830,7,1682,1699,1,0.010005885815185403,0.9899941141848146,862,0.4885226603884638,0.004120070629782225,0.5073572689817539
1298,Baltimore City,964,Baltimore City Precinct 16-007,6,446,2,958,964,1,0.006224066390041493,0.9937759336099585,516,0.46265560165975106,0.002074688796680498,0.5352697095435685
1299,Baltimore City,1884,Baltimore City Precinct 16-006,7,747,7,1877,1884,1,0.0037154989384288748,0.9962845010615711,1130,0.3964968152866242,0.0037154989384288748,0.5997876857749469
1300,Baltimore City,1791,Baltimore City Precinct 20-001,30,784,5,1761,1791,1,0.01675041876046901,0.983249581239531,1002,0.43774427694025686,0.0027917364600781687,0.559463986599665
1301,Baltimore City,764,Baltimore City Precinct 16-004,12,273,2,752,764,1,0.015706806282722512,0.9842931937172775,489,0.35732984293193715,0.002617801047120419,0.6400523560209425
1302,Baltimore City,2126,Baltimore City Precinct 16-005,27,839,9,2099,2126,1,0.012699905926622766,0.9873000940733773,1278,0.39463781749764815,0.0042333019755409216,0.6011288805268109
1303,Baltimore City,1404,Baltimore City Precinct 15-018,4,602,1,1400,1404,1,0.002849002849002849,0.9971509971509972,801,0.4287749287749288,0.0007122507122507123,0.5705128205128205
1304,Baltimore City,1040,Baltimore City Precinct 15-016,9,396,3,1031,1040,1,0.008653846153846154,0.9913461538461539,641,0.38076923076923075,0.0028846153846153848,0.6163461538461539
1305,Baltimore City,2987,Baltimore City Precinct 15-020,37,1087,4,2950,2987,1,0.012387010378305993,0.987612989621694,1896,0.36391027787077335,0.0013391362571141614,0.6347505858721125
1306,Baltimore City,1237,Baltimore City Precinct 15-021,14,456,1,1223,1237,1,0.01131770412287793,0.9886822958771221,780,0.36863379143088115,0.0008084074373484236,0.6305578011317704
1307,Baltimore City,1807,Baltimore City Precinct 15-017,23,857,7,1784,1807,1,0.012728278915329275,0.9872717210846708,943,0.4742667404537908,0.00387382401770891,0.5218594355285002
1308,Baltimore City,1062,Baltimore City Precinct 25-006,24,506,1,1038,1062,1,0.022598870056497175,0.9774011299435028,555,0.4764595103578154,0.0009416195856873823,0.5225988700564972
1309,Baltimore City,596,Baltimore City Precinct 25-007,133,221,24,463,596,1,0.2231543624161074,0.7768456375838926,351,0.37080536912751677,0.040268456375838924,0.5889261744966443
1310,Baltimore City,2234,Baltimore City Precinct 21-003,992,700,108,1242,2234,1,0.4440465532676813,0.5559534467323187,1426,0.3133393017009848,0.048343777976723366,0.6383169203222918
1311,Baltimore City,3343,Baltimore City Precinct 19-002,1090,694,70,2253,3343,1,0.3260544421178582,0.6739455578821418,2579,0.2075979658988932,0.020939276099311996,0.7714627580017948
1312,Baltimore City,489,Baltimore City Precinct 21-004,246,200,32,243,489,1,0.5030674846625767,0.49693251533742333,257,0.40899795501022496,0.065439672801636,0.5255623721881391
1313,Baltimore City,1952,Baltimore City Precinct 18-002,558,693,47,1394,1952,1,0.2858606557377049,0.7141393442622951,1212,0.3550204918032787,0.024077868852459015,0.6209016393442623
1314,Baltimore City,1673,Baltimore City Precinct 21-002,672,582,66,1001,1673,1,0.401673640167364,0.5983263598326359,1025,0.34787806335923493,0.03945008965929468,0.6126718469814704
1315,Baltimore City,2033,Baltimore City Precinct 23-003,1802,534,311,231,2033,1,0.8863748155435317,0.11362518445646827,1188,0.26266601082144614,0.1529758976881456,0.5843580914904083
1316,Baltimore City,1153,Baltimore City Precinct 21-001,755,299,69,398,1153,1,0.6548135299219427,0.34518647007805725,785,0.2593235039028621,0.0598438855160451,0.6808326105810928
1317,Baltimore City,1038,Baltimore City Precinct 23-002,584,403,107,454,1038,1,0.5626204238921002,0.4373795761078998,528,0.3882466281310212,0.10308285163776493,0.5086705202312138
1318,Baltimore City,2506,Baltimore City Precinct 20-007,148,821,29,2358,2506,1,0.05905826017557861,0.9409417398244214,1656,0.32761372705506786,0.01157222665602554,0.6608140462889066
1319,Baltimore City,2106,Baltimore City Precinct 28-010,255,814,60,1851,2106,1,0.12108262108262108,0.8789173789173789,1232,0.3865147198480532,0.02849002849002849,0.5849952516619183
1320,Baltimore City,458,Baltimore City Precinct 28-012,55,157,5,403,458,1,0.12008733624454149,0.8799126637554585,296,0.34279475982532753,0.010917030567685589,0.6462882096069869
1321,Baltimore City,2423,Baltimore City Precinct 28-009,274,810,34,2149,2423,1,0.1130829550144449,0.8869170449855551,1579,0.3342963268675196,0.014032191498142799,0.6516714816343376
1322,Baltimore City,1962,Baltimore City Precinct 28-011,173,658,25,1789,1962,1,0.08817533129459736,0.9118246687054027,1279,0.33537206931702346,0.0127420998980632,0.6518858307849134
1323,Baltimore City,3079,Baltimore City Precinct 20-006,15,1292,5,3064,3079,1,0.004871711594673595,0.9951282884053264,1782,0.41961675868788567,0.0016239038648911985,0.5787593374472231
1324,Baltimore City,3001,Baltimore City Precinct 16-014,29,1245,12,2972,3001,1,0.009663445518160613,0.9903365544818394,1744,0.4148617127624125,0.003998667110963012,0.5811396201266245
1325,Baltimore City,1740,Baltimore City Precinct 28-008,83,573,6,1657,1740,1,0.04770114942528736,0.9522988505747126,1161,0.3293103448275862,0.0034482758620689655,0.6672413793103448
1326,Baltimore City,1451,Baltimore City Precinct 15-011,43,585,5,1408,1451,1,0.029634734665747762,0.9703652653342523,861,0.40317022742935904,0.0034458993797381117,0.5933838731909028
1327,Baltimore City,1492,Baltimore City Precinct 15-010,39,635,9,1453,1492,1,0.02613941018766756,0.9738605898123325,848,0.42560321715817695,0.006032171581769437,0.5683646112600537
1375,Baltimore City,2932,Baltimore City Precinct 28-015,976,963,197,1956,2932,1,0.3328785811732606,0.6671214188267395,1772,0.32844474761255116,0.06718963165075034,0.6043656207366985
1376,Baltimore City,2794,Baltimore City Precinct 25-001,329,1046,59,2465,2794,1,0.11775232641374374,0.8822476735862562,1689,0.3743736578382248,0.02111667859699356,0.6045096635647816
1377,Baltimore City,742,Baltimore City Precinct 28-014,55,283,9,687,742,1,0.07412398921832884,0.9258760107816711,450,0.38140161725067384,0.012129380053908356,0.6064690026954178
1378,Baltimore City,2138,Baltimore City Precinct 25-002,205,764,30,1933,2138,1,0.09588400374181479,0.9041159962581852,1344,0.35734331150608045,0.01403180542563143,0.6286248830682881
1379,Baltimore City,1494,Baltimore City Precinct 28-013,105,466,11,1389,1494,1,0.07028112449799197,0.929718875502008,1017,0.3119143239625167,0.007362784471218206,0.6807228915662651
1380,Baltimore City,714,Baltimore City Precinct 20-008,104,252,11,610,714,1,0.14565826330532214,0.8543417366946778,451,0.35294117647058826,0.015406162464985995,0.6316526610644257
1698,Baltimore City,1766,Baltimore City Precinct 15-001,42,712,8,1724,1766,1,0.02378255945639864,0.9762174405436014,1046,0.4031710079275198,0.004530011325028313,0.5922989807474519
1699,Baltimore City,571,Baltimore City Precinct 28-003,5,192,3,566,571,1,0.008756567425569177,0.9912434325744308,376,0.3362521891418564,0.005253940455341506,0.658493870402802
1700,Baltimore City,1228,Baltimore City Precinct 27-061,324,258,67,904,1228,1,0.26384364820846906,0.7361563517915309,903,0.21009771986970685,0.05456026058631922,0.7353420195439739
1701,Baltimore City,1238,Baltimore City Precinct 27-056,13,463,2,1225,1238,1,0.01050080775444265,0.9894991922455574,773,0.3739903069466882,0.0016155088852988692,0.624394184168013
1702,Baltimore City,2460,Baltimore City Precinct 27-057,36,794,0,2424,2460,1,0.014634146341463415,0.9853658536585366,1666,0.3227642276422764,0.0,0.6772357723577236
1703,Baltimore City,1163,Baltimore City Precinct 27-059,32,347,6,1131,1163,1,0.027515047291487533,0.9724849527085124,810,0.29836629406706794,0.005159071367153913,0.6964746345657782
1704,Baltimore City,1669,Baltimore City Precinct 28-001,105,518,19,1564,1669,1,0.06291192330736968,0.9370880766926303,1132,0.3103654883163571,0.011384062312762133,0.6782504493708807
1705,Baltimore City,3062,Baltimore City Precinct 27-067,1028,604,295,2034,3062,1,0.3357282821685173,0.6642717178314826,2163,0.19725669497060744,0.09634225996080993,0.7064010450685826
1706,Baltimore City,2688,Baltimore City Precinct 27-062,1151,337,351,1537,2688,1,0.42819940476190477,0.5718005952380952,2000,0.1253720238095238,0.13058035714285715,0.7440476190476191
1707,Baltimore City,2392,Baltimore City Precinct 27-066,1756,352,651,636,2392,1,0.7341137123745819,0.26588628762541805,1389,0.14715719063545152,0.2721571906354515,0.580685618729097
1709,Baltimore City,1675,Baltimore City Precinct 27-063,770,448,307,905,1675,1,0.4597014925373134,0.5402985074626866,920,0.26746268656716415,0.18328358208955223,0.5492537313432836
1710,Baltimore City,3698,Baltimore City Precinct 27-065,2866,601,853,832,3698,1,0.775013520822066,0.22498647917793402,2244,0.16252028123309897,0.2306652244456463,0.6068144943212548
1711,Baltimore City,997,Baltimore City Precinct 27-060,171,433,102,826,997,1,0.1715145436308927,0.8284854563691073,462,0.43430290872617855,0.10230692076228685,0.4633901705115346
1712,Baltimore City,1689,Baltimore City Precinct 27-064,1206,330,499,483,1689,1,0.7140319715808171,0.28596802841918295,860,0.19538188277087035,0.295441089402013,0.5091770278271166
1726,Baltimore City,818,Baltimore City Precinct 15-008,13,307,9,805,818,1,0.01589242053789731,0.9841075794621027,502,0.3753056234718826,0.011002444987775062,0.6136919315403423
1727,Baltimore City,2394,Baltimore City Precinct 15-003,33,1030,13,2361,2394,1,0.013784461152882205,0.9862155388471178,1351,0.4302422723475355,0.005430242272347535,0.564327485380117
1728,Baltimore City,1024,Baltimore City Precinct 15-004,8,376,6,1016,1024,1,0.0078125,0.9921875,642,0.3671875,0.005859375,0.626953125
1729,Baltimore City,1372,Baltimore City Precinct 15-005,11,541,11,1361,1372,1,0.008017492711370262,0.9919825072886297,820,0.3943148688046647,0.008017492711370262,0.597667638483965
